159 1383 13
-1648 172 -11
-2571 4716 -39
4170 3710 -10
4651 -3540 12
3967 1988 -21
-1451 -573 -47
1817 4928 31
156 2489 30
-3808 -1137 32
-4774 1315 -4
2241 3841 -10
-308 -1933 49
-1797 1372 34
-3642 -3334 0
-1258 -4593 31
-2889 -375 18
2415 -976 -25
3703 3659 2
-988 2174 24
-334 4067 -44
-851 -4595 -5
348 -4202 16
-11 2301 47
-2854 868 0
435 -1862 -31
1638 2407 -34
1158 -997 10
-1716 4305 -45
-1736 2640 -34
2805 -2537 -1
-45 1862 -25
-408 -3374 42
-4069 -1798 -3
2906 -4706 -11
-837 1492 17
1317 3250 -21
4810 1797 34
-4963 -1470 -43
-2382 3248 33
-4922 -757 -47
-2277 92 2
-4231 -3757 40
32 -3601 -10
4966 2379 -27
-2230 1241 29
-464 -4004 -40
1718 3781 43
-4761 3474 5
-2698 -894 -1
-2373 -3078 13
-2859 -172 40
4938 3119 2
1212 -2103 -18
-4294 4154 -41
1332 2028 -27
2018 2735 36
408 -1342 11
3899 3483 26
26 -1855 33
1076 3673 -3
-4827 -2809 32
-3016 -1357 -41
-2630 2128 34
49 170 -28
1727 -1094 -38
-4 3573 -48
-4611 -4995 47
-562 2473 -39
868 1960 -48
2397 -762 -13
-3183 -4800 31
-4643 2333 2
-3626 4466 11
-1801 4498 11
-450 -2932 16
4421 4640 4
-1796 3004 43
-2990 1587 -42
3555 -2114 -6
-2497 -4714 -17
2553 -4322 11
76 -2167 0
-3933 2211 -24
2293 3166 -46
-4421 990 -47
2940 290 -7
228 -2901 32
3732 2077 -36
713 -1988 -48
2840 -835 46
-4144 177 48
4727 -1532 13
-266 -1834 1
4640 -2385 27
976 -1731 -33
-1208 -1992 30
4721 -3855 -19
-1118 1147 49
-2772 -399 22
4042 -2258 -46
3004 4783 -19
-1919 -2355 24
-3093 1657 -25
-244 -3165 -34
1529 -1909 23
2702 1525 33
-3080 -1930 24
3348 663 8
-4746 -4989 -24
2202 4995 -5
3686 3714 -2
-1066 -1955 0
-2693 3723 21
-3257 4076 26
-2965 1515 -36
-4562 -303 -10
1490 -4255 -25
4935 3879 -13
-3028 3375 24
-704 4566 30
-1303 205 -41
4609 -4007 -32
-3714 1017 -25
-4293 32 -2
-3512 -4929 -47
-4580 4503 49
-1156 4471 48
1952 -4847 -9
-3133 4191 -17
3066 294 -2
1710 2335 33
-3068 953 33
3553 -3569 -39
4658 -3675 -12
4779 2429 -49
3174 1221 -32
106 -356 47
136 4043 20
4692 -3128 15
1636 4114 16
1133 975 46
3415 -1948 -31
-3054 -2260 -43
-898 3141 31
4870 3952 -23
4467 1208 -33
3863 4998 -22
322 -4476 -38
1218 3525 -2
1736 -1592 -46
-1907 3694 -42
-494 4611 25
4741 938 36
3774 2825 40
-3962 894 36
4354 -4656 -32
-1266 -4061 24
-1456 -1463 -32
3186 -90 26
2227 1372 -36
2131 4610 32
-4302 377 -13
-3015 2617 38
-2937 327 46
-2397 286 21
-3028 4590 -25
3895 2998 42
-4498 855 44
-2220 2923 0
2527 2454 -35
4861 3593 5
-1033 641 -5
1472 -4612 34
-1835 -385 27
3534 -4539 23
4837 -749 -35
573 823 -14
-4710 1155 -18
361 4681 -23
745 4043 30
1056 -4439 -19
-2777 -1376 -10
1423 2125 40
-1441 2336 29
1129 4968 0
-271 -1860 48
-4129 998 -2
-398 2557 -49
636 3905 -28
4891 -935 4
4407 -475 16
4297 1108 -20
-4795 2909 5
-3957 -2370 6
-4112 3410 19
-1747 -2739 -35
-4419 3359 29
-2256 -3898 -42
282 -3428 48
-1183 -3239 -23
-4940 358 -22
4763 2695 -30
3650 764 -2
3182 -3770 -27
-4175 -728 -9
4245 2736 10
-2678 -3751 6
3169 4898 42
210 2387 -15
-4142 -2366 20
3093 3138 37
1642 -3285 -7
2686 -3679 33
-4530 -383 -3
-1285 -3888 17
-1812 -254 27
113 4363 -15
-2641 1878 43
3488 -4658 -35
2182 4294 -12
-1116 -3932 34
1531 -3543 -20
1887 1633 -40
3705 -4106 -12
-3839 -2286 -14
-3411 1578 18
2137 546 -47
-610 883 38
-514 -2929 20
-1919 2983 -29
-2151 1531 -40
4464 -1224 -5
4988 2586 -36
2145 4149 -26
3873 -4936 -31
2047 2017 45
-4720 239 24
2304 -4913 7
-4998 -52 0
3290 -1662 8
-3270 -3466 31
-886 2258 -14
-2097 -4657 -47
3833 -21 29
-633 -585 -14
2806 -2305 -39
-4100 3755 -11
-318 3392 6
959 -2054 17
-2628 -663 -41
-815 3411 -48
1297 488 10
67 4997 -49
3167 0 -2
1293 -3076 17
4499 1454 -16
30 -147 -2
-1874 1158 44
4780 -3471 15
-790 2074 -14
2233 -3434 48
1688 1526 -7
1410 -3714 42
1557 1897 -26
-655 3378 -18
87 4557 5
-384 -737 0
-2686 -4910 -30
4940 -3484 20
-3584 225 36
-813 -4878 44
294 -2618 -33
-4066 691 -27
2752 -3694 0
-3242 -2840 28
3037 623 -33
-856 2830 -12
-305 3633 -43
-2900 -1799 26
4208 -45 -48
-129 3999 34
3012 4330 13
-4855 -4143 -30
-1249 -2007 -38
-3423 4572 -4
4208 -3925 18
2844 1260 -42
-3035 1981 -15
680 -3350 -19
2700 4085 -3
-3737 1122 -13
-850 -431 36
-2392 3728 -48
962 865 34
3937 -148 -37
1406 -3362 49
2986 1526 7
1809 -3093 3
-4548 4414 -30
2739 -4961 14
-4741 4817 27
-4424 234 11
4995 -3530 -35
291 64 16
-2375 -804 10
-603 -4183 11
-1583 2026 13
4612 2959 29
-4936 -2658 -1
-1192 -4442 30
-1536 3578 -35
-779 195 7
-2755 -3318 -47
2972 1119 17
-4619 1987 33
-2310 -166 38
4036 -357 29
-3144 1668 13
-928 2951 46
-4354 -4105 -28
-3402 3874 -18
4375 2708 1
3405 -2877 21
-2676 -1188 -49
3188 -2416 -6
-3032 -1242 -15
-4710 -3788 22
-3242 -1403 -35
3779 961 -20
1286 -2828 -16
3820 -4965 5
-4242 -3996 -26
-3239 -4956 22
798 -1899 -38
-1459 -1080 2
-2247 -4965 48
2783 1363 -14
-2442 4866 48
-3977 1095 30
4751 2187 8
-2205 1585 36
1915 1228 48
2085 -4139 -38
1113 4262 29
3996 -2000 47
-4328 -4703 -37
2212 4965 -40
1493 -1817 17
-1749 -678 0
-4505 91 -27
4879 33 40
-4589 -1438 -46
-3545 1307 -8
3373 3454 -8
2541 -4656 -16
-622 4495 -5
103 4277 40
519 -2634 -41
-1703 1417 13
4937 -3321 -21
-205 -4897 1
-88 -2637 -32
4583 4427 -25
863 3032 13
-3625 -1370 0
-4748 -2238 -14
2910 -2382 2
828 1743 -45
2400 -3425 -33
4933 4018 43
-2426 2343 19
-1211 427 -29
-4134 675 9
3686 4708 43
2719 -4828 46
2416 1856 -8
-4177 -3084 -26
112 704 44
-3252 3331 -29
-3353 4973 -28
-4562 -1590 -8
1119 1043 -46
839 4800 -15
4557 1554 -22
-767 1630 35
1473 -618 -21
-1483 -2880 30
573 2544 -47
2150 2575 -2
-461 -3784 -15
-1223 -1943 10
-1137 291 -2
-1554 4335 -17
4309 1454 -17
-297 448 47
-1040 -4165 -49
4053 4624 -38
-2635 4616 38
-4828 -1062 -16
2086 -3263 -18
-3236 -4057 28
4148 -1961 5
1605 3960 -11
-490 1108 47
4600 -3383 1
-3791 3405 -9
1257 3341 -41
1224 -3903 -6
-2072 3699 -40
1224 4716 48
-3234 -157 -12
-3583 -4547 -35
-2200 1980 1
4801 573 13
2470 2257 18
-1663 -2265 -18
-1549 -1177 4
2111 1759 7
2710 -4494 -29
-2144 -2077 -46
236 4827 26
3719 3321 -31
-841 2166 -38
-2315 2508 42
-3900 3591 5
456 4128 3
-2821 -4553 -26
-403 3326 0
4338 -2665 38
-832 4151 -33
3268 -911 -30
-3539 3295 48
-2180 -3869 -6
1124 4776 22
-2960 -533 2
4388 -4906 -37
-4696 -2187 1
4734 990 4
1556 -4112 -39
3554 -2451 20
3352 -3149 -11
-3297 -1458 -31
-515 2761 22
1161 -568 49
4873 -3949 7
1038 4932 6
-304 3393 -36
-1893 692 36
-1877 -95 46
-869 2371 -38
-2769 1915 37
-975 -110 18
-1008 -1219 14
-1117 -4217 38
-2133 -4640 32
-1098 -589 29
-4627 1383 45
1152 -3880 -13
3121 -4990 -43
4581 2738 -24
1513 -4772 -47
2468 -1337 22
326 4729 -46
2246 2927 39
-37 -1779 -34
-872 2180 21
4454 3002 -24
2668 1385 8
-3871 -63 22
-3488 -4748 44
3448 1416 19
-1906 -3992 -3
2232 2036 -10
-1276 1990 48
-2863 -1260 38
2097 -3266 18
2673 4264 16
-4250 -1591 -6
-2856 4629 -29
-2897 -1155 -49
2840 -3025 38
1133 2433 -27
1067 -2562 -47
-4749 176 -47
-1293 -3144 7
3514 -70 -48
2935 -3159 -46
4372 1950 38
1635 4605 7
-1530 -1590 32
-71 -4150 22
1147 -3752 -19
4261 -2199 -44
3083 4438 3
-691 4886 26
4243 2979 -8
-1883 -2980 48
3863 952 22
-1629 -4579 45
3241 2582 -4
3315 -1539 40
4829 4528 22
3324 -883 -7
-4779 2876 -14
61 4810 17
690 4302 24
-1645 2845 31
-1529 -2805 -23
-2483 1928 -4
-1723 2784 -16
-2836 -1997 27
-4574 1349 7
-2552 2143 14
-3872 -1490 27
978 1455 -31
-545 -4895 29
3239 3167 27
-2604 3511 12
4314 -2197 -17
-3540 2902 -36
-3863 3219 12
4833 1775 -23
2157 767 17
-4838 -3190 -13
4587 1766 37
929 -4529 26
4161 -4523 -47
620 -4521 -28
-1710 -4257 27
4165 1009 32
2092 4534 10
-104 1009 23
-956 -178 21
2525 1632 -37
-2771 252 -10
3309 1047 -36
-813 -106 46
-1250 3827 -28
3533 -3412 7
-4355 -2680 -35
74 1110 -14
4757 3386 38
2361 2158 -44
-2120 3510 -3
3614 1251 -36
-2900 -301 -32
3534 -276 -46
2574 -4853 8
560 2121 26
-1265 -3264 -46
-451 3721 -35
3451 4785 -19
-2855 1878 46
-3062 41 47
2726 -4142 -8
962 -4977 -5
-2072 4836 -22
3856 61 44
3911 3628 29
3482 -1617 16
-2424 -3306 -35
247 664 10
2279 1485 7
-959 1215 22
4986 1863 -29
-4634 1035 37
-2520 -1046 -16
-3318 -3311 -21
896 2221 27
971 2874 18
1708 1586 -22
3443 4646 27
2914 4550 4
-4614 -2999 -2
1512 -4062 0
1524 -2211 43
-187 2652 23
-105 4600 20
4739 2757 -23
-76 -3674 -35
3484 4209 -4
2184 2954 15
4252 3667 24
-4260 -403 45
-3612 3440 9
1734 -4292 -35
-4849 -508 -36
-4874 2813 -13
-1484 -1223 2
4865 -1270 -12
4501 3692 48
-508 -1227 43
-4135 -3490 -46
3450 -2597 -5
-4373 2860 46
1909 25 -13
1192 4630 -2
3848 -3791 4
3002 -3711 46
246 2324 32
-4864 -2698 -22
3939 3978 14
-3035 2094 -49
-1519 -51 -44
4267 -1996 6
-1630 -2339 -45
-150 2753 -45
2927 -4293 16
-4931 4520 -25
3618 4604 -4
4832 -4068 48
3565 3604 -23
-3734 2297 19
-1436 -3804 11
1183 1308 -49
-240 2803 4
1333 1096 45
-2866 -2230 5
1443 -4904 15
-243 -807 -2
2601 -2173 45
1858 -3080 2
-344 -200 47
2498 3878 -29
-919 3946 42
1932 4453 23
-1560 4447 37
-2169 -439 -10
-1697 368 -34
4766 3511 -32
-113 751 9
-3252 2730 -18
811 -3013 13
-758 912 -3
4040 -4930 -30
3177 1838 -15
-1281 -1669 -44
-3947 -723 22
-4704 -3845 -49
-1061 -4764 30
-1888 2040 3
-834 4114 -3
-4006 -2295 11
4699 3833 27
-3678 3176 26
-1516 4707 23
2542 -3643 47
-2402 -4309 37
-2951 -155 -7
-3582 -1107 23
3469 68 -22
-1419 -994 -46
-1790 -2181 39
1217 -157 39
4170 2832 32
2253 -1370 -26
-3040 124 -26
2656 3957 -43
3200 3173 29
-4690 863 47
-223 4259 -14
4346 -2462 -46
4981 -3128 3
2164 4681 -14
-316 3770 -12
-3900 -2584 -26
1799 4489 0
-3295 -4237 -12
3463 -310 7
2611 -1377 14
-1963 3530 8
-1892 1000 -47
-3990 -4836 -20
4323 1480 -20
-511 1508 -5
-1562 -2597 12
-4658 4703 34
-1323 -4117 31
-1283 -1851 40
-3455 104 40
4763 3946 -15
-4971 1338 0
-4880 2705 -3
-3038 -4718 46
-2067 -4977 27
-4454 -4677 7
4668 4982 5
4217 180 37
4131 4579 27
1248 644 23
-3776 927 26
-317 -2638 -27
631 -1269 18
4985 4025 -34
86 2884 -21
773 -262 47
3573 -3207 39
1033 -4733 24
-643 -4008 10
1628 3273 -17
-4612 1634 20
-2601 2981 -47
-90 4174 34
-141 4889 21
-4176 2691 27
-787 2287 32
-93 -3390 17
-4499 -4115 25
-18 1574 -11
4381 -4444 1
-4232 1883 4
-4657 -1934 24
1746 2188 -33
-3536 4768 -12
5 217 9
-1576 3451 24
3943 -3853 9
-4141 -193 -37
323 -1365 -19
3249 2990 38
2974 -1980 46
-806 2167 17
-2830 169 15
-4996 274 -1
-2783 4937 46
-1972 1970 -9
103 3848 -21
-4729 -2240 17
-247 -1764 -7
4812 935 32
2184 386 -25
4889 3254 25
-1301 2750 26
1377 -536 21
1183 -2343 -14
-2743 -361 -39
1677 2582 23
-4093 -4881 42
239 818 38
-4645 2819 -40
-538 4118 37
-974 2770 32
-4046 3382 -11
99 -3677 43
-2782 2625 14
-4568 2325 5
4012 -4382 12
2573 -4749 -20
4100 -3201 -2
-650 -1361 -6
-470 -664 -10
-1127 -1551 -30
2548 2916 18
-2938 -4031 -37
-1271 621 -13
-2325 2707 47
-210 720 23
825 -1151 3
3238 -3714 39
1101 719 46
4804 -254 12
4847 -4071 -40
2027 3480 -31
4389 52 19
113 -3005 -11
-8 -983 31
-2548 3631 30
-4932 -4768 21
-3985 3711 25
-3939 3481 27
2976 4550 33
-4021 -2480 -26
-3247 3425 41
388 1449 -14
4780 4122 -3
658 3771 -20
1618 -77 9
1895 4859 44
1143 1821 41
-4118 4185 20
1882 -2358 -22
-3445 1795 14
-176 2525 24
-4758 -4750 23
1011 -4107 -18
-242 -2587 49
-836 3884 9
2793 2254 34
231 4680 8
-2781 3547 7
-346 3410 32
318 -511 33
-3485 -1225 43
343 -4074 -9
783 -2342 0
26 -2884 -8
-854 -1287 -15
-618 1383 20
-1319 -3873 47
-2744 -4932 49
-3333 1637 39
-3830 -447 30
-2018 -4383 -33
1945 -3118 -13
3976 3424 41
-837 3548 -1
4962 840 -10
2292 -1736 -46
4834 -3115 -12
3640 3430 -17
1493 -1296 -30
-1432 4667 24
3771 1496 -32
1692 1844 -6
-650 -3354 -41
1184 -1373 -8
-1032 3520 -37
-829 2513 -40
4433 -2754 38
-2907 -4406 -44
1494 -1167 -7
346 -819 -16
-3309 2102 -25
1459 -1189 47
-2679 -337 -31
3819 -3808 -6
-1945 1832 -6
-3186 2454 -20
379 2048 7
-464 472 -28
-4202 4048 -19
4594 -1771 -30
2732 164 8
4406 2566 -49
-4328 358 -26
-987 3705 26
-3880 -1125 35
-516 1661 -35
-3116 -1238 33
-4831 3192 44
-4618 -954 -29
-3807 1813 22
-3574 4298 -30
-3138 -2676 11
-659 658 22
-2459 -3911 17
3943 3656 8
-4948 2944 -35
-213 -888 -30
-894 4154 -37
1617 1161 -30
1607 745 29
3540 -817 12
115 -4231 -16
-1133 3400 26
-2620 -2494 -36
-1509 588 25
19 -3862 -39
2543 4371 -19
-2099 4279 -42
-1381 1542 14
4967 -3541 -39
-4263 4311 -14
-2932 4986 -9
1076 -2699 10
-3638 3683 1
-1509 1464 31
3743 2498 39
-4406 -1048 28
1492 325 39
-4024 -3106 21
-2233 3652 -40
1256 1073 48
3892 1932 22
-1367 2265 -16
3894 -1426 27
-2405 315 41
3331 -2363 35
946 121 -37
-1130 4546 11
4996 4668 -42
-1731 -3893 -16
1021 -3838 1
3260 2065 -31
206 1537 -24
-3405 651 -9
-2253 -811 -30
-2565 -1049 -25
3265 -1948 30
-3986 593 -46
-1748 2651 -49
2098 -1788 -18
3450 191 -18
-3731 -3798 -49
-561 -678 46
658 -1502 0
1826 251 0
273 1570 -44
3441 3070 -4
-110 -2809 31
2071 -4090 43
3038 -2044 45
4085 104 -44
4574 -3559 -24
4746 555 22
3343 -87 -43
-2990 3617 -5
-2895 -2457 -33
-946 -1096 26
2017 2999 9
2410 830 46
-1402 2958 -13
1205 -2828 -4
-3866 2407 35
-2537 -1578 21
-3969 -310 -28
1746 4399 -27
3432 -4445 24
-1491 4097 16
-3254 -2155 35
-4251 410 -12
-1573 2665 -49
-4920 -534 18
4158 -2163 11
2794 2523 45
1270 1579 19
3255 2821 -31
306 -4378 -26
1984 103 -42
-3928 -4380 39
2348 -4733 -49
4525 3024 12
-2644 4874 -22
331 4158 -8
4612 -1900 -37
641 -2144 16
-1697 955 29
3379 -2494 -45
-411 -3444 -36
4045 -304 -48
-4719 793 0
2805 -3325 -9
1015 2526 1
-4429 -4225 -29
-4807 -1011 -39
790 1509 -30
2734 -3045 -30
334 -484 42
-2193 1509 43
-1829 435 45
1484 -4349 -6
71 -1225 49
-3559 139 -48
4436 3046 -32
-1249 -3660 -8
2854 -514 29
-4537 -2281 8
-321 4492 2
596 1311 -28
-1323 1527 -30
1648 3909 3
4254 -4557 -9
-1159 -4440 0
-1097 -4434 14
2043 -4497 -25
3694 -2025 -45
2395 -3094 -40
146 -4012 17
-4242 -207 15
1839 -4599 5
-3600 3997 -2
-582 4173 43
-4141 3054 27
-650 1598 -2
-616 -335 -8
-4061 -539 34
1553 -1718 -20
-4263 -3601 -8
1753 4458 46
-961 4324 18
4139 -1344 39
-2860 -1408 -29
4159 3601 -47
-2749 -1729 -32
-3502 -4293 -36
-352 144 43
2731 414 -9
-2664 -1649 25
-200 3907 -34
-4900 -3814 -3
1877 -2600 -37
-3658 4306 -42
-4197 656 -10
-2624 106 -46
-1252 1411 26
-4387 944 6
-4845 -4661 2
-3564 -3063 36
2614 998 32
